<?xml version="1.0" encoding="UTF-8" standalone="no"?>
<svg
   xmlns:dc="http://purl.org/dc/elements/1.1/"
   xmlns:cc="http://creativecommons.org/ns#"
   xmlns:rdf="http://www.w3.org/1999/02/22-rdf-syntax-ns#"
   xmlns:svg="http://www.w3.org/2000/svg"
   xmlns="http://www.w3.org/2000/svg"
   xmlns:sodipodi="http://sodipodi.sourceforge.net/DTD/sodipodi-0.dtd"
   xmlns:inkscape="http://www.inkscape.org/namespaces/inkscape"
   width="110.89481"
   height="443.54861"
   viewBox="0 0 88.715845 354.83889"
   version="1.1"
   id="svg2"
   inkscape:version="0.48.5 r10040"
   sodipodi:docname="688-dna.svg">
  <metadata
     id="metadata40">
    <rdf:RDF>
      <cc:Work
         rdf:about="">
        <dc:format>image/svg+xml</dc:format>
        <dc:type
           rdf:resource="http://purl.org/dc/dcmitype/StillImage" />
        <dc:title></dc:title>
      </cc:Work>
    </rdf:RDF>
  </metadata>
  <defs
     id="defs38" />
  <sodipodi:namedview
     pagecolor="#ffffff"
     bordercolor="#666666"
     borderopacity="1"
     objecttolerance="10"
     gridtolerance="10"
     guidetolerance="10"
     inkscape:pageopacity="0"
     inkscape:pageshadow="2"
     inkscape:window-width="1366"
     inkscape:window-height="767"
     id="namedview36"
     showgrid="false"
     fit-margin-top="0"
     fit-margin-left="0"
     fit-margin-right="0"
     fit-margin-bottom="0"
     inkscape:zoom="0.472"
     inkscape:cx="56.202201"
     inkscape:cy="221.09626"
     inkscape:window-x="0"
     inkscape:window-y="1"
     inkscape:window-maximized="1"
     inkscape:current-layer="svg2" />
  <g
     id="g3017"
     transform="matrix(0,1,-1,0,243.81549,-21.976713)">
    <path
       id="path6"
       d="m 307.62,163.46 c 11.22,-5.57 23.78,-9.33 36.41,-8.14 12.31,0.97 24.27,7.18 31.68,17.12 1.56,1.9 1.53,5.11 -0.48,6.69 -2.08,2 -5.7,1.33 -7.13,-1.09 -6.31,-8.36 -16.63,-13.24 -27.02,-13.55 -8.85,-0.25 -17.57,2.21 -25.6,5.79 -15.62,7.13 -29.16,18.01 -41.54,29.75 -2.34,-2.12 -4.65,-4.27 -6.98,-6.4 12.19,-11.71 25.52,-22.49 40.66,-30.17 z"
       inkscape:connector-curvature="0"
       style="fill:#070908" />
    <path
       id="path8"
       d="m 27.6,163.54 c 13.48,-6.55 29.44,-5.4 43.27,-0.54 17.03,5.81 31.32,17.06 45.3,28.03 -2.58,2.01 -5.16,4.01 -7.77,5.98 -14.63,-11.62 -30.18,-23.42 -48.85,-27.39 -10.32,-2.18 -21.81,-1.72 -30.9,4.13 -3.31,1.99 -7.79,-1.99 -6.42,-5.53 0.64,-2.51 3.34,-3.53 5.37,-4.68 z"
       inkscape:connector-curvature="0"
       style="fill:#070908" />
    <path
       id="path10"
       d="m 182.54,161.77 c 16.67,-2.34 33.6,2.36 48.03,10.64 13.96,7.79 26.01,18.45 37.51,29.43 12.37,11.17 25.9,21.53 41.53,27.66 9.88,3.81 21.03,5.72 31.35,2.48 7.27,-2.11 13.58,-6.82 18.08,-12.86 3.34,-3.76 9.94,0.97 7.48,5.33 -4.51,7.23 -11.89,12.34 -19.71,15.46 -12.67,4.93 -26.98,3.57 -39.5,-1.12 -18.01,-6.75 -33.49,-18.74 -47.48,-31.68 -11.74,-11.26 -24.3,-22.01 -39,-29.21 -10.77,-5.28 -22.9,-8.42 -34.94,-7.12 -11.3,1.12 -21.98,5.66 -31.66,11.43 -18.27,10.97 -33.96,25.58 -51.53,37.56 -14.39,9.45 -31.09,16.92 -48.65,16.24 -7.83,-0.28 -15.93,-2.1 -22.44,-6.62 -3.18,-1.97 -2.27,-7.52 1.4,-8.34 3.14,-0.8 5.43,1.88 8.15,2.87 6.94,2.84 14.69,3.39 22.06,2.24 13.45,-1.94 25.79,-8.37 36.84,-16.05 16.13,-11.5 30.99,-24.78 47.94,-35.14 10.58,-6.42 22.19,-11.54 34.54,-13.2 z"
       inkscape:connector-curvature="0"
       style="fill:#070908" />
    <path
       id="path12"
       d="m 51.57,173.68 c 2.89,-1.7 6.9,0.81 6.42,4.23 -0.03,13.74 0.12,27.5 -0.07,41.24 -0.22,4.41 -7.31,4.93 -8.35,0.68 -0.18,-13.94 0.01,-27.89 -0.09,-41.83 -0.24,-1.73 0.61,-3.42 2.09,-4.32 z"
       inkscape:connector-curvature="0"
       style="fill:#070908" />
    <path
       id="path14"
       d="m 325.46,173.56 c 2.69,-1.33 6.23,0.73 6.22,3.79 0.18,13.22 0,26.46 0.08,39.68 0.24,2.42 -1.04,5.49 -3.76,5.7 -2.72,0.6 -5.34,-1.98 -4.99,-4.69 -0.02,-13.36 -0.02,-26.73 0,-40.09 -0.08,-1.77 0.69,-3.73 2.45,-4.39 z"
       inkscape:connector-curvature="0"
       style="fill:#070908" />
    <path
       id="path16"
       d="m 191.45,174.56 c 2.8,-1.24 6.23,1.38 5.79,4.41 -0.04,15.67 0.11,31.35 -0.08,47.02 -0.65,4.31 -7.71,4.28 -8.32,0 -0.21,-15.66 -0.03,-31.33 -0.09,-47 -0.21,-1.88 0.83,-3.87 2.7,-4.43 z"
       inkscape:connector-curvature="0"
       style="fill:#070908" />
    <path
       id="path18"
       d="m 176.48,176.37 c 2.38,-0.79 5.45,0.9 5.51,3.53 0.02,14.06 0.02,28.13 0,42.19 -0.1,4.48 -7.42,5.07 -8.36,0.69 -0.31,-13.58 -0.02,-27.19 -0.15,-40.78 -0.21,-2.27 0.51,-4.99 3,-5.63 z"
       inkscape:connector-curvature="0"
       style="fill:#070908" />
    <path
       id="path20"
       d="m 206.39,176.57 c 2.9,-1.44 6.59,1.2 6.1,4.44 -0.03,13.64 0.1,27.29 -0.06,40.94 0.02,3.23 -4.06,4.86 -6.59,3.25 -1.78,-1.03 -2.16,-3.24 -2.1,-5.12 0.02,-12.74 0.02,-25.48 0,-38.22 -0.14,-2.06 0.61,-4.43 2.65,-5.29 z"
       inkscape:connector-curvature="0"
       style="fill:#070908" />
    <path
       id="path22"
       d="m 309.24,180.13 c 2.87,-1.53 6.72,0.56 6.5,3.93 -0.02,9.29 0.11,18.6 -0.07,27.89 -0.23,3.01 -4.03,4.6 -6.45,3.03 -1.86,-0.87 -2.23,-3.08 -2.22,-4.91 -0.01,-8.36 0,-16.71 0,-25.07 -0.12,-1.85 0.51,-3.94 2.24,-4.87 z"
       inkscape:connector-curvature="0"
       style="fill:#070908" />
    <path
       id="path24"
       d="m 66.49,181.52 c 2.34,-2.3 7.03,-0.85 7.2,2.55 0.09,9.57 0.12,19.15 -0.02,28.72 -0.39,4.27 -6.99,4.74 -8.29,0.79 -0.32,-8.84 -0.01,-17.7 -0.15,-26.54 0.07,-1.89 -0.37,-4.14 1.26,-5.52 z"
       inkscape:connector-curvature="0"
       style="fill:#070908" />
    <path
       id="path26"
       d="m 160.29,185.21 c 2.68,-1.96 6.87,0.41 6.66,3.71 0.13,8.74 0,17.47 0.06,26.21 0.08,1.84 -0.46,3.92 -2.24,4.84 -2.81,1.8 -6.8,-0.75 -6.51,-4.02 -0.04,-8.66 0.02,-17.32 -0.02,-25.98 -0.09,-1.77 0.4,-3.81 2.05,-4.76 z"
       inkscape:connector-curvature="0"
       style="fill:#070908" />
    <path
       id="path28"
       d="m 221.25,185.12 c 2.51,-1.71 6.42,0.38 6.39,3.44 0.26,8.82 0.03,17.66 0.11,26.48 0.2,2.36 -1.11,5.23 -3.74,5.44 -2.6,0.54 -5.17,-1.77 -5,-4.38 -0.04,-8.74 0.02,-17.47 -0.03,-26.2 -0.14,-1.82 0.48,-3.96 2.27,-4.78 z"
       inkscape:connector-curvature="0"
       style="fill:#070908" />
    <path
       id="path30"
       d="m 82.41,188.54 c 2.61,-2.34 7.41,-0.19 7.08,3.39 -0.11,5.66 0.3,11.36 -0.22,17 -1.02,3.81 -7.09,3.74 -8.19,-0.01 -0.23,-4.98 0.01,-9.97 -0.1,-14.95 0.08,-1.85 -0.35,-4.21 1.43,-5.43 z"
       inkscape:connector-curvature="0"
       style="fill:#070908" />
    <path
       id="path32"
       d="m 293.19,188.17 c 2.7,-1.79 6.87,0.51 6.54,3.8 -0.02,5.55 0.16,11.11 -0.09,16.65 -0.8,4.06 -7.28,4.22 -8.32,0.22 -0.18,-5.63 -0.03,-11.26 -0.06,-16.89 -0.15,-1.5 0.65,-3 1.93,-3.78 z"
       inkscape:connector-curvature="0"
       style="fill:#070908" />
    <path
       id="path34"
       d="m 123.17,212.44 c 2.58,-2.02 5.16,-4.03 7.76,-6.02 17.54,13.51 37.01,27.71 60.1,28.08 22.93,-0.06 42.92,-13.56 59.57,-28.08 2.35,2.11 4.71,4.23 6.95,6.47 -16.85,14.8 -36.67,28.22 -59.55,30.57 -18.46,2.03 -36.59,-4.87 -51.92,-14.68 -7.99,-4.94 -15.45,-10.66 -22.91,-16.34 z"
       inkscape:connector-curvature="0"
       style="fill:#070908" />
  </g>
</svg>
